590030
590151
595137
599187
599193
599206
593613
590046
596653
598712
594813
594816
593825
590899
593844
593031
597047
591093
593126
595051
599057
590587
592259
599252
593410
599310
598391
598392
603669
603916
604028
609340
600091
600094
599925
603715
577606
565068
578584
578593
566314
570254
572930
563516
576985
564520
564525
573058
574610
572823
577713
569041
575575
578969
570051
570064
567190
575664
565224
567293
563412
568399
570893
566450
575874
575907
569475
566517
574966
561205
567137
569112
578625
570168
578686
575781
565281
569754
562364
565354
569844
566492
570991
564439
565441
571942
578395
563175
575730
572887
573880
578905
568559
602799
601741
597465
603524
594494
